2537 2678 2353 2601 2848 2388 2568 2822 2568 2464 2773 2621 2595 2618 2332 2374 2603 2488 2768 2271 2622 2507 2112 2763 2364 2845 2415 2608 2562 2518 2250 2568 2631 2465 2569 2510 2409 2662 3070 2374 2446 2493 2471 2737 2360 2528 2036 2807 2202 2359 2287 2564 2267 2352 2401 2559 2294 2463 2342 2349 2522 2413 2483 2502 2276 2648 2677 2284 2574 2721 2365 2390 2286 2778 2479 2471 2567 2197 2763 2556 2389 2431 2243 2420 2069 2548 2518 2589 2292 2677 2768 2218 2621 2213 2510 2438 2292 2310 2368 2712 
2513 2617 2555 2790 2872 2436 2530 2932 2649 2457 2802 2705 2588 2539 2604 2607 2659 2464 2847 2445 2715 2549 2421 2494 2583 2730 2579 2670 2601 2412 2392 2522 2475 2655 2531 2580 2394 2803 2954 2436 2493 2491 2562 2720 2610 2567 2050 2721 2086 2312 2561 2619 2441 2384 2477 2427 2382 2499 2497 2489 2597 2531 2372 2610 2749 2692 2778 2440 2720 2838 2385 2382 2392 2770 2516 2628 2650 2355 2778 2677 2444 2485 2458 2772 2193 2603 2826 2744 2312 2628 2727 2259 2614 2157 2569 2584 2281 2457 2284 2719 
2379 2308 2024 2367 2421 2455 2251 2590 2349 2421 2481 2462 2300 2236 2257 2510 2101 2117 2463 1855 2446 2121 2142 2235 2102 2610 2356 2276 2416 2168 1952 2126 2245 2184 2048 2281 2263 2249 2673 2182 2301 2282 2420 2295 2119 2306 2125 2611 2092 1994 1938 2245 2216 2125 2174 2290 2153 2101 2210 2177 2334 2228 2184 2159 2148 2142 2261 2133 2132 2420 2057 1970 2165 2379 2045 2107 2341 2135 2264 2209 2393 2252 2099 2263 1831 2147 2273 2490 1957 2338 2288 2068 2436 1971 2253 2349 2280 1937 2139 2299 
2557 2596 2199 2762 2695 2386 2666 2857 2424 2491 2761 2938 2699 2726 2496 2828 2450 2473 2771 2396 2831 2689 2407 2651 2479 2900 2540 2841 2744 2622 2415 2503 2573 2709 2649 2695 2434 2742 3042 2330 2417 2613 2241 2685 2412 2700 2165 2905 2258 2391 2411 2604 2375 2461 2518 2749 2379 2564 2291 2420 2643 2393 2497 2617 2588 2720 2676 2408 2798 2944 2762 2417 2550 2763 2571 2476 2756 2285 2618 2620 2512 2592 2311 2800 2078 2542 2620 2656 2374 2545 2942 2260 2614 2273 2556 2667 2481 2545 2191 2706 
2666 3066 2452 2848 2770 2549 2612 2960 2864 2679 2841 2827 2748 2597 2525 2770 2706 2514 2679 2210 2906 2371 2552 2614 2481 2783 2526 2544 2916 2443 2529 2588 2795 2696 2534 2428 2324 2737 3024 2677 2383 2473 2663 2654 2306 2513 2212 2995 2244 2388 2392 2714 2611 2422 2583 2535 2573 2537 2438 2510 2660 2453 2524 2679 2718 2484 2826 2546 2690 2759 2423 2421 2403 2827 2324 2636 2850 2202 2747 2502 2601 2387 2263 2524 2107 2534 2552 2663 2389 2603 3014 2680 2625 1980 2584 2623 2585 2349 2430 2675 
2409 2708 2231 2545 2574 2350 2471 2753 2342 2567 2655 2571 2568 2421 2374 2501 2360 2251 2624 2086 2592 2370 2474 2576 2423 2649 2467 2527 2498 2429 2311 2391 2544 2471 2546 2471 2190 2647 2879 2449 2279 2556 2351 2690 2321 2429 2081 2758 2206 2358 2320 2508 2393 2366 2313 2428 2589 2576 2086 2303 2473 2397 2391 2446 2287 2701 2703 2321 2494 2676 2225 2115 2312 2608 2214 2472 2537 2434 2425 2398 2507 2464 2108 2700 2055 2174 2310 2608 2233 2489 2659 2298 2671 2029 2626 2328 2544 2317 2322 2633 
2782 2976 2518 2963 3012 2749 2722 3255 2888 2791 2951 2972 2852 2884 2687 2958 2759 2620 3054 2578 2983 2878 2666 2981 2701 3287 2823 2872 2875 2530 2596 2733 2750 2773 2734 2706 2540 2876 3213 2728 2492 2757 2660 3002 2645 2721 2483 3078 2497 2481 2437 2710 2689 2502 2567 2619 2771 2696 2412 2414 2723 2714 2725 2707 2865 2964 2951 2720 2816 2984 2453 2557 2588 2933 2592 2662 2914 2527 2886 2835 2722 2558 2443 2994 2359 2708 2771 2892 2480 2688 3190 2364 2683 2175 3067 2671 2787 2550 2639 2943 
2363 2508 2110 2610 2733 2463 2251 2743 2392 2387 2470 2624 2706 2573 2100 2429 2147 2328 2639 2119 2588 2344 2222 2552 2269 2608 2340 2464 2639 2200 2289 2558 2528 2268 2538 2394 2217 2630 2668 2248 2128 2409 2312 2462 2281 2321 2097 2585 2077 2209 2096 2503 2086 2364 2321 2401 2396 2249 2126 2367 2373 2340 2279 2191 2475 2638 2328 2293 2507 2652 2329 2307 2438 2622 2240 2342 2515 1954 2624 2395 2466 2524 2057 2471 2103 2360 2331 2454 2060 2350 2482 2231 2403 2156 2229 2274 2242 2212 2159 2638 
2615 2773 2444 2907 2737 2461 2628 2962 2392 2469 2948 2815 2617 2606 2620 2824 2463 2565 2813 2388 2876 2735 2523 2616 2539 2848 2717 2750 2670 2586 2496 2811 2761 2748 2673 2665 2437 2823 3153 2646 2574 2832 2575 2954 2579 2653 2146 2917 2317 2486 2559 2647 2562 2647 2581 2466 2564 2622 2471 2632 2857 2706 2690 2716 2520 2738 2817 2546 2756 2948 2552 2381 2548 2866 2495 2765 2769 2504 2814 2676 2562 2605 2469 2810 2221 2684 2696 2858 2317 2779 3019 2374 2648 2355 2622 2789 2546 2404 2405 2876 
2584 3029 2253 2925 2856 2743 2615 2827 2757 2621 2820 2800 2694 2711 2413 2658 2451 2548 2747 2336 3018 2513 2444 2850 2410 2873 2460 2834 3036 2626 2319 2658 2838 2636 2699 2467 2430 3012 2969 2731 2502 2770 2676 2790 2530 2577 2273 2944 2398 2529 2383 2645 2458 2513 2549 2632 2589 2641 2541 2535 2594 2600 2652 2605 2578 2600 2544 2658 2718 2876 2446 2422 2483 2767 2398 2737 2807 2310 2886 2732 2613 2667 2249 2613 2260 2522 2586 2763 2477 2624 2815 2345 2591 2296 2649 2694 2555 2330 2413 2984 
2396 2844 2114 2550 2541 2509 2228 2575 2542 2458 2828 2590 2563 2548 2416 2682 2374 2468 2706 2070 2778 2424 2271 2455 2210 2658 2366 2430 2659 2301 2130 2613 2564 2455 2576 2374 2253 2637 2696 2258 2441 2649 2519 2530 2262 2343 2005 2777 2150 2226 1996 2274 2342 2490 2234 2568 2351 2352 2410 2438 2390 2445 2329 2542 2600 2277 2508 2302 2598 2777 2484 2348 2174 2495 2139 2522 2427 2098 2624 2469 2631 2538 2046 2440 2176 2377 2357 2553 2271 2487 2559 2225 2498 1981 2327 2469 2374 2336 2307 2731 
2350 2408 2082 2510 2573 2461 2519 2717 2469 2288 2597 2785 2427 2555 2103 2538 2233 2398 2835 2035 2746 2391 2336 2410 2501 2766 2302 2504 2572 2241 2293 2458 2468 2582 2473 2495 2505 2536 2770 2557 2292 2388 2295 2638 2286 2576 2213 2810 2166 2066 2170 2516 2274 2448 2425 2245 2269 2223 2123 2307 2345 2395 2398 2426 2357 2603 2546 2389 2649 2349 2177 2239 2498 2686 2339 2477 2668 2227 2627 2403 2496 2379 2231 2413 2228 2395 2564 2734 2109 2656 2895 2298 2504 2019 2202 2366 2367 2448 2390 2551 
2487 2519 2231 2754 2709 2353 2568 2980 2471 2482 2769 2691 2580 2435 2074 2515 2231 2263 2625 2083 2735 2259 2180 2492 2223 2640 2400 2515 2587 2295 2153 2458 2519 2165 2448 2382 2164 2685 2663 2577 2241 2360 2284 2629 2075 2447 2006 2589 2179 2385 2185 2466 2301 2373 2274 2167 2362 2205 2204 2314 2321 2407 2441 2303 2391 2515 2547 2364 2420 2561 2287 2166 2410 2590 2221 2329 2521 2078 2782 2436 2370 2260 2309 2430 2092 2349 2492 2440 2035 2545 2607 2131 2461 2155 2316 2635 2180 2272 2079 2628 
2866 3145 2436 2731 3056 2671 2935 3053 2813 2824 3005 3207 2680 2955 2561 2772 2678 2563 2869 2368 3271 2663 2338 2841 2666 3027 2618 2766 3053 2549 2554 2824 2792 2939 2804 2730 2649 3033 3009 2631 2681 2842 2753 2972 2582 2679 2301 2975 2425 2578 2646 2844 2502 2398 2650 2696 2740 2671 2698 2665 2754 2529 2708 2718 2783 2823 2875 2608 2863 2777 2641 2342 2806 2946 2543 2850 2984 2565 2847 2736 2775 2701 2549 3001 2323 2672 2870 3040 2523 3047 3178 2718 2856 2390 2618 2801 2679 2672 2519 2995 
2749 3029 2389 2810 2979 2652 2656 3359 2836 2789 3088 3119 2914 2880 2718 2911 2627 2681 2968 2495 3143 2773 2508 2766 2637 3030 2754 2720 2907 2616 2492 2864 2793 2883 2747 2702 2497 2903 3145 2829 2563 2897 2861 2752 2586 2770 2408 3117 2493 2738 2503 2812 2564 2434 2492 2824 2772 2565 2483 2657 2694 2821 2621 2825 2877 2794 2763 2670 2660 3079 2741 2624 2722 2910 2439 2732 2848 2455 3037 2731 2797 2479 2527 2822 2538 2753 2714 2795 2553 2856 2931 2468 2765 2497 2764 2745 2715 2561 2347 3126 
2375 2484 2290 2599 2613 2376 2375 2625 2391 2284 2658 2515 2366 2430 2279 2421 2132 2394 2529 2040 2744 2225 2163 2302 2319 2574 2390 2449 2691 2293 2089 2621 2503 2293 2527 2510 2381 2611 2728 2409 2164 2349 2313 2706 2206 2356 2136 2665 2097 2219 2184 2343 2167 2433 2411 2375 2210 1990 2254 2370 2468 2245 2427 2434 2452 2479 2474 2307 2378 2636 2501 2093 2377 2593 2238 2487 2661 2285 2572 2109 2445 2568 2141 2424 1932 2479 2461 2657 2118 2508 2645 2436 2347 2090 2408 2324 2369 2219 2202 2723 
2516 2654 2297 2628 2619 2356 2385 2638 2549 2331 2741 2589 2546 2500 2522 2817 2356 2299 2440 1929 2668 2178 2387 2358 2323 2722 2423 2535 2657 2542 2410 2550 2544 2461 2334 2396 2341 2658 2893 2442 2521 2415 2477 2642 2451 2730 1995 2644 2344 2473 2354 2467 2506 2264 2345 2295 2307 2359 2428 2387 2642 2329 2298 2308 2359 2529 2473 2473 2539 2867 2324 2278 2317 2567 2495 2446 2499 2186 2476 2377 2462 2458 2184 2577 2017 2423 2518 2573 2261 2631 2543 2349 2718 2177 2449 2435 2416 2350 2134 2802 
2790 2543 2402 2696 2574 2578 2430 2893 2561 2876 2859 2828 2618 2813 2602 2914 2647 2621 2867 2332 2928 2725 2451 2687 2566 2871 2455 2825 2705 2344 2367 2648 2718 2581 2672 2715 2567 2801 3125 2518 2557 2766 2528 3052 2474 2581 2226 2954 2424 2281 2437 2592 2457 2668 2536 2748 2640 2698 2262 2513 2899 2617 2604 2496 2598 2844 2736 2432 2824 2814 2638 2556 2677 2744 2469 2499 2703 2487 2829 2801 2749 2690 2311 2918 1996 2494 2651 2835 2374 2761 3066 2399 2736 2409 2564 2578 2607 2570 2350 2944 
2848 2979 2469 2974 2646 2603 2426 3067 2682 2752 2983 2710 2795 2777 2519 2908 2613 2582 3015 2330 2904 2563 2571 2903 2491 2735 2533 2775 2837 2628 2640 2698 2928 2768 2670 2627 2435 2924 3065 2769 2794 2787 2739 2877 2663 2657 2179 2945 2254 2610 2403 2651 2766 2435 2623 2583 2418 2793 2456 2491 2713 2745 2668 2403 2770 2774 2588 2550 2753 2982 2511 2629 2693 2894 2524 2838 2695 2494 2881 2747 2466 2683 2541 2883 2263 2480 2746 2846 2577 2781 2972 2647 2752 2259 2664 2776 2656 2487 2233 2765 
2564 2707 2320 2791 2706 2518 2571 3059 2723 2638 2692 2693 2813 2669 2423 2660 2633 2436 2767 2273 2700 2449 2286 2676 2516 2772 2621 2811 2739 2484 2346 2665 2723 2334 2645 2759 2573 2702 3107 2559 2521 2380 2509 2736 2502 2603 2108 2521 2267 2565 2327 2620 2391 2579 2646 2388 2441 2403 2321 2558 2536 2456 2535 2670 2418 2589 2731 2388 2633 2887 2591 2142 2727 3050 2635 2554 2771 2400 2769 2386 2735 2481 2226 2752 2048 2685 2770 2788 2269 2583 2951 2386 2538 2295 2598 2696 2392 2274 2345 2666 
2545 2738 2388 2577 2699 2521 2569 2994 2543 2485 2836 2524 2562 2468 2494 2727 2603 2421 2745 2330 2816 2413 2363 2788 2428 2832 2626 2708 2633 2384 2260 2484 2476 2431 2692 2698 2247 2597 2922 2514 2543 2476 2708 2531 2310 2602 2214 2950 2282 2059 2235 2528 2279 2435 2334 2566 2455 2447 2392 2308 2586 2448 2463 2547 2300 2544 2522 2509 2540 2904 2435 2328 2399 2701 2183 2474 2637 2467 2663 2372 2442 2692 2130 2628 1904 2337 2460 2715 2164 2452 2790 2145 2625 2289 2616 2436 2436 2113 2298 2976 
2689 2795 2648 2855 2796 2699 2409 3202 2976 2590 2972 2510 2822 2668 2493 2665 2527 2430 2967 2467 2861 2383 2475 2925 2421 2761 2599 2825 2781 2446 2403 2694 2677 2793 2724 2713 2562 2831 3237 2856 2796 2633 2782 2817 2484 2473 2208 3123 2288 2439 2485 2641 2507 2546 2595 2529 2616 2627 2478 2475 2641 2686 2678 2414 2656 2566 2719 2377 2730 2929 2471 2373 2592 2828 2414 2883 2944 2534 2675 2657 2700 2747 2350 2637 2278 2373 2721 2834 2582 2609 2871 2346 2635 2208 2435 2642 2479 2346 2465 2765 
2751 2889 2576 2634 2777 2510 2715 3159 2850 2668 2841 2891 2764 2769 2504 2827 2680 2436 2786 2373 2873 2543 2457 2766 2425 2939 2499 2890 2975 2496 2510 2778 2803 2766 2973 2756 2518 3086 3035 2898 2644 2477 2750 2760 2573 2469 2159 3057 2392 2413 2562 2676 2396 2664 2571 2518 2676 2573 2458 2677 2790 2573 2642 2521 2407 2717 2739 2632 2876 2762 2610 2595 2636 2995 2475 2659 3002 2550 2789 2543 2737 2773 2346 2725 2207 2491 2610 2844 2271 2724 2922 2382 2701 2473 2523 2492 2482 2212 2443 3053 
2450 2772 2280 2606 2658 2292 2517 3111 2472 2576 2941 2708 2555 2553 2299 2648 2395 2365 2619 2180 2787 2395 2230 2662 2537 2737 2584 2619 2723 2415 2381 2555 2358 2776 2683 2677 2368 2710 2930 2663 2423 2625 2574 2624 2337 2596 2182 2852 2240 2217 2327 2724 2409 2377 2472 2408 2377 2361 2310 2610 2695 2550 2520 2591 2386 2687 2664 2419 2671 2757 2469 2204 2644 2893 2275 2630 2805 2376 2665 2393 2503 2510 2327 2627 2009 2579 2676 2632 2318 2561 2854 2220 2567 2263 2384 2485 2486 2255 2256 2716 
2344 2888 2431 2826 2803 2541 2771 2711 2556 2482 2697 2832 2697 2618 2576 2745 2648 2192 2709 2240 2810 2609 2473 2554 2501 2831 2489 2434 2712 2449 2341 2548 2682 2595 2801 2625 2492 2963 2852 2402 2502 2668 2439 2671 2302 2435 2243 2885 2261 2302 2423 2568 2247 2598 2318 2492 2467 2573 2552 2457 2447 2466 2289 2504 2536 2628 2563 2397 2713 2769 2339 2090 2334 2907 2357 2599 2780 2364 2517 2450 2713 2547 2495 2527 2241 2516 2592 2738 2414 2427 2665 2351 2510 2109 2535 2582 2540 2197 2392 2602 
2476 2585 2108 2486 2711 2292 2361 2686 2651 2425 2786 2555 2528 2545 2222 2360 2457 2343 2377 2120 2525 2196 2037 2535 2301 2622 2274 2468 2494 2203 2167 2365 2475 2327 2355 2464 2227 2513 2837 2646 2193 2536 2360 2601 2211 2490 2121 2748 2013 2227 2198 2483 2143 2131 2171 2261 2044 2339 2366 2167 2553 2387 2362 2307 2387 2587 2556 2230 2373 2551 2330 2169 2323 2359 2265 2420 2506 2121 2573 2425 2567 2230 2227 2252 1870 2265 2305 2474 2297 2443 2653 2157 2492 2069 2326 2312 2298 2415 2087 2553 
2357 2527 2272 2388 2816 2456 2545 2646 2349 2422 2626 2662 2457 2565 2258 2614 2320 2249 2554 2354 2636 2392 2217 2395 2144 2645 2245 2605 2496 2347 2424 2371 2428 2497 2533 2392 2218 2660 2875 2406 2281 2513 2356 2665 2319 2462 1991 2837 2222 2313 2458 2487 2255 2311 2403 2335 2579 2465 2376 2294 2387 2312 2384 2198 2487 2494 2497 2337 2441 2582 2466 2239 2266 2609 2303 2493 2464 2335 2317 2300 2442 2548 2135 2561 2148 2223 2177 2733 2256 2445 2644 2287 2566 2049 2345 2360 2222 2262 2160 2700 
2216 2554 2221 2480 2425 2196 2439 2539 2338 2358 2571 2379 2351 2320 2410 2265 2395 2057 2560 1997 2459 2271 2032 2414 2143 2624 2205 2258 2463 2288 2258 2441 2360 2399 2528 2299 2123 2406 2700 2396 2298 2497 2456 2506 2197 2220 1756 2634 2033 2190 2152 2202 2240 2173 2255 2288 2257 2408 1961 2254 2347 2507 2132 2301 2361 2218 2450 2251 2346 2592 2137 2139 2278 2604 2032 2385 2369 2097 2438 2280 2371 2188 1995 2265 1969 2230 2380 2542 2127 2385 2628 2103 2493 1783 2338 2458 2344 2173 2144 2435 
2278 2733 2080 2492 2685 2375 2479 2984 2489 2487 2561 2586 2621 2525 2202 2545 2349 2397 2443 2155 2612 2336 2411 2489 2371 2792 2511 2424 2730 2347 2127 2396 2576 2603 2665 2222 2280 2619 2790 2329 2351 2434 2396 2335 2335 2464 2067 2926 1859 2187 2082 2768 2069 2183 2279 2450 2464 2485 2311 2388 2466 2208 2232 2362 2278 2450 2438 2397 2641 2489 2246 2323 2484 2761 2254 2337 2727 2228 2529 2393 2513 2376 2101 2589 1979 2146 2326 2538 2097 2343 2501 2147 2512 2055 2470 2346 2325 2138 2170 2645 
2995 3128 2804 3280 3080 2835 2955 3198 2907 2978 3269 3164 2848 3072 2994 3254 3093 2739 3146 2469 3150 2842 2814 2959 2667 3214 2753 2880 3332 2694 2785 2974 3049 3078 3147 2769 2797 3076 3235 3043 2996 2940 3002 2962 2800 2836 2442 3189 2559 2801 2771 2988 2810 2830 2773 2666 2832 2954 2959 2748 2960 2893 2902 2858 2699 3230 2966 2687 3013 3183 2713 2698 3027 3260 2813 2969 3214 2575 3053 2781 3041 2835 2753 3028 2550 2854 2814 3127 2645 3136 3250 2799 3168 2583 2888 3014 2736 2588 2599 3260 
2942 2976 2358 2928 2882 2740 2852 3067 2733 2971 3124 3163 2869 2893 2655 3100 2696 2636 2820 2512 2842 2790 2664 2860 2799 3253 2959 3046 3107 2942 2741 2830 2974 2845 2807 2783 2659 2974 3327 2816 2509 2992 2823 2954 2574 3029 2474 3186 2361 2911 2561 2873 2679 2623 2747 2600 2796 2816 2657 2765 2877 2802 2947 2853 2702 2913 2956 2775 2963 2952 2698 2658 2855 3115 2776 2749 3056 2694 2851 2748 3018 2643 2521 2865 2338 2742 2744 3128 2458 2956 3055 2536 2959 2339 2603 2838 2820 2616 2787 3002 
2647 2796 2253 2798 2784 2606 2549 2924 2659 2771 2804 2747 2845 2648 2484 2782 2521 2423 2588 2394 2921 2587 2368 2615 2416 2715 2690 2679 2796 2403 2487 2833 2857 2546 2846 2621 2358 2911 3071 2655 2382 2655 2655 2764 2421 2493 2319 2779 2166 2322 2272 2673 2382 2480 2687 2623 2686 2642 2354 2625 2750 2641 2388 2645 2757 2571 2704 2394 2630 2862 2616 2258 2458 2807 2281 2639 2698 2497 2754 2683 2899 2690 2379 2768 2154 2623 2508 2840 2476 2498 2850 2440 2615 2298 2541 2525 2720 2395 2305 2889 
2739 2590 2317 2769 2907 2665 2668 2859 2448 2645 3036 2848 2491 2630 2487 2787 2505 2632 2886 2281 2924 2512 2396 2795 2659 2757 2534 2873 2751 2572 2607 2556 2580 2608 2606 2652 2312 2789 3009 2540 2382 2561 2557 2707 2557 2656 2307 2876 2398 2339 2398 2705 2430 2407 2563 2554 2577 2492 2389 2366 2518 2627 2498 2705 2605 2697 2753 2559 2635 2907 2555 2190 2570 2787 2540 2652 2646 2414 2614 2504 2727 2529 2140 2822 2040 2613 2688 2962 2333 2608 2972 2448 2611 2293 2609 2655 2368 2466 2399 2840 
2564 2694 2184 2605 2776 2628 2488 2702 2541 2397 2711 2762 2564 2586 2291 2668 2391 2207 2592 2191 2735 2507 2363 2637 2388 2813 2352 2622 2668 2466 2240 2588 2516 2394 2535 2580 2336 2631 2758 2387 2569 2477 2575 2572 2279 2556 2264 2773 2114 2085 2151 2425 2317 2409 2530 2518 2331 2499 2441 2434 2452 2458 2508 2442 2540 2596 2574 2350 2532 2524 2260 2318 2492 2779 2205 2487 2697 2346 2642 2742 2632 2574 2138 2602 2139 2389 2492 2808 2180 2524 2621 2262 2588 2277 2391 2523 2503 2254 2317 2642 
2262 2484 2039 2484 2715 2390 2400 2605 2528 2409 2737 2632 2373 2461 2212 2558 2234 2241 2498 1987 2553 2185 2069 2327 2080 2586 2420 2425 2680 2162 2179 2386 2464 2500 2262 2256 2252 2435 2682 2275 2255 2333 2306 2526 2317 2130 1852 2660 2055 2116 2074 2455 2157 2362 2075 2208 2219 2305 2157 2292 2349 2212 2178 2334 2364 2404 2412 2164 2393 2759 2399 2005 2317 2512 2401 2552 2621 2194 2515 2393 2408 2432 1925 2450 1971 2171 2364 2453 2049 2379 2518 2268 2247 2057 2284 2275 2238 2090 2165 2573 
2403 2620 2271 2592 2616 2373 2562 2760 2426 2290 2633 2636 2615 2456 2510 2501 2302 2305 2512 2161 2525 2333 2332 2590 2301 2733 2483 2587 2433 2244 2272 2580 2444 2447 2432 2537 2163 2533 2752 2355 2373 2366 2461 2494 2339 2466 1970 2647 2061 2227 2290 2288 2199 2289 2186 2549 2283 2398 2290 2221 2459 2353 2333 2366 2344 2470 2264 2343 2438 2687 2364 2306 2325 2578 2222 2398 2500 2185 2524 2263 2284 2375 2101 2464 1884 2393 2362 2522 2179 2402 2577 2288 2420 2139 2548 2509 2436 2248 2187 2715 
2428 2792 2384 2795 2642 2444 2550 2675 2541 2382 2851 2745 2440 2607 2546 2913 2708 2377 2637 2216 2802 2592 2362 2842 2550 2874 2417 2599 2772 2504 2285 2621 2600 2703 2654 2588 2340 2730 3163 2359 2367 2730 2424 2653 2335 2644 2208 2886 2247 2308 2413 2766 2531 2625 2479 2450 2461 2474 2587 2392 2471 2436 2516 2345 2469 2536 2909 2317 2551 2867 2359 2256 2337 2838 2409 2543 2850 2293 2463 2558 2620 2483 2303 2680 2156 2475 2539 2699 2294 2442 2910 2398 2521 2067 2617 2568 2564 2429 2232 2438 
2483 2718 2400 2729 2713 2570 2669 2916 2525 2519 2735 2826 2747 2647 2428 2671 2426 2376 2717 2166 2778 2568 2531 2581 2456 3002 2591 2651 2985 2502 2245 2669 2651 2479 2685 2556 2473 2758 2873 2556 2454 2559 2606 2753 2315 2530 2336 2864 2376 2374 2440 2552 2454 2681 2306 2441 2505 2465 2463 2465 2672 2527 2552 2646 2505 2875 2624 2576 2849 2970 2429 2248 2598 2775 2455 2569 2847 2412 2740 2346 2663 2519 2117 2633 2266 2451 2477 2581 2205 2475 2701 2398 2553 2041 2618 2576 2511 2235 2538 2755 
2623 2989 2592 2868 2941 2743 2826 3302 2682 2867 3020 2955 2774 2817 2552 2998 2765 2643 2837 2458 3020 2597 2456 2842 2633 3038 2709 2813 2920 2731 2597 2899 2811 2668 2832 2745 2556 2992 3161 2669 2595 2806 2633 3060 2665 2751 2357 3008 2400 2647 2532 2775 2600 2561 2611 2430 2672 2627 2447 2683 2780 2765 2660 2663 2739 2824 2885 2760 2704 2847 2665 2649 2562 3150 2647 2682 2935 2466 2813 2852 2759 2713 2288 2724 2310 2681 2610 3052 2257 2931 2944 2398 2677 2504 2808 2728 2658 2509 2572 3110 
2896 2992 2619 3075 2940 2649 2653 3268 2922 2666 3167 3145 2912 2856 2696 3079 2675 2717 3033 2547 3238 2721 2630 2812 2774 3032 2804 2839 2976 2590 2475 2961 3003 2751 2983 2920 2504 3099 3085 2845 2726 2799 2800 2997 2451 2893 2460 2979 2374 2615 2804 2849 2584 2705 2572 2790 2701 2552 2669 2983 2936 2626 2788 2870 2780 3029 2764 2541 2974 3154 2879 2575 2981 3182 2484 2889 3053 2547 2993 2553 2757 2886 2672 3088 2387 2881 2793 2950 2385 2902 3170 2638 2975 2579 2744 2833 2509 2636 2480 3070 
2805 2913 2491 2658 2944 2705 2714 3198 2842 2750 2819 2889 2963 2694 2435 2763 2531 2496 2920 2602 2991 2546 2445 2969 2504 3004 2750 2801 2914 2505 2362 2723 2806 2579 2722 2645 2574 2945 3140 2729 2520 2648 2672 2784 2419 2489 2405 3037 2304 2384 2464 2704 2418 2291 2622 2564 2602 2525 2392 2489 2603 2612 2514 2568 2780 2715 2787 2571 2723 2840 2587 2507 2671 2882 2474 2493 2802 2520 2780 2490 2660 2787 2302 2712 2215 2571 2575 2893 2422 2785 2936 2356 2730 2257 2638 2594 2530 2468 2559 2896 
2184 2288 2127 2321 2354 2231 2231 2451 2275 2295 2553 2444 2330 2312 2145 2376 2181 2120 2625 1865 2558 2197 2058 2252 2040 2546 2229 2280 2763 2230 2108 2191 2281 2212 2304 2206 2211 2295 2688 2182 2280 2462 2086 2334 2252 2226 1902 2537 2216 2136 2113 2261 2199 2307 2136 2139 2244 2162 2094 2044 2274 2231 2101 2232 2248 2270 2353 2164 2127 2390 2287 2121 2204 2428 2024 2388 2371 1941 2247 2323 2341 2155 2040 2244 1982 2073 2236 2388 2055 2291 2457 2110 2388 1966 2225 2449 2268 1982 1964 2484 
2603 2596 2149 2409 2635 2415 2227 2725 2721 2377 2592 2683 2523 2499 2198 2455 2226 2270 2476 2118 2614 2398 2279 2616 2237 2569 2500 2428 2545 2346 2160 2557 2563 2213 2491 2313 2276 2669 2750 2388 2429 2323 2498 2586 2198 2461 2069 2687 2056 2224 2269 2530 2190 2134 2311 2382 2373 2099 2316 2373 2581 2417 2502 2475 2393 2332 2490 2353 2335 2419 2193 2260 2364 2623 2027 2329 2574 2206 2683 2444 2350 2514 2118 2417 2050 2405 2471 2606 2208 2562 2605 2238 2475 2012 2342 2449 2381 2301 2171 2881 
2725 2923 2546 3042 2898 2825 2707 3256 2780 2968 3099 3001 2836 2847 2691 2928 2559 2683 3011 2191 3118 2689 2698 2973 2684 3056 2612 2823 3118 2910 2535 2732 2722 2778 2719 2698 2833 2933 3129 2859 2861 2901 2743 2936 2697 2832 2360 3296 2649 2547 2537 2910 2705 2671 2779 2873 2527 2731 2603 2720 2741 2739 2711 2617 2558 2749 2844 2710 2767 3028 2731 2615 2773 2992 2625 2736 3017 2522 2922 2726 2921 2946 2350 2808 2313 2639 2840 3044 2459 2817 3004 2615 2970 2551 2894 2804 2581 2611 2423 3052 
2596 2735 2402 2855 3062 2713 2572 2844 2772 2611 2936 2765 2839 2764 2559 2711 2750 2488 2747 2625 2862 2599 2532 2653 2443 3033 2742 2766 2936 2463 2377 2526 2654 2540 2600 2582 2623 2776 3041 2646 2576 2640 2631 2768 2685 2748 2356 2935 2339 2539 2406 2749 2547 2398 2432 2522 2422 2603 2530 2274 2522 2445 2539 2742 2907 2905 2802 2551 2680 3139 2475 2473 2696 2787 2450 2716 2805 2420 2873 2684 2729 2656 2434 2648 2364 2692 2654 2982 2508 2518 2834 2483 2641 2188 2750 2543 2657 2380 2514 2707 
2406 2551 2057 2443 2390 2262 2520 2862 2263 2373 2780 2615 2364 2415 2103 2689 2314 2418 2527 1903 2808 2319 2358 2416 2336 2670 2287 2416 2776 2355 2112 2372 2447 2500 2420 2224 2106 2497 2696 2356 2217 2349 2352 2460 2211 2373 2015 2628 1968 2159 2182 2282 2394 2347 2282 2109 2203 2276 2197 2359 2378 2160 2454 2363 2295 2493 2632 2258 2509 2474 2249 2189 2383 2663 2307 2395 2468 2039 2579 2266 2407 2266 2083 2457 1934 2148 2299 2335 1978 2591 2715 2135 2606 2064 2420 2518 2212 2208 2137 2460 
2437 2640 2162 2448 2543 2361 2322 2702 2651 2530 2571 2657 2419 2487 2411 2641 2280 2078 2328 2083 2550 2317 2252 2653 2276 2723 2459 2552 2709 2283 2064 2390 2654 2203 2548 2402 2345 2494 2728 2350 2241 2250 2598 2471 2306 2293 2065 2466 2197 2267 2162 2405 2210 2162 2223 2419 2274 2250 2296 2322 2391 2234 2530 2477 2356 2530 2355 2324 2626 2534 2213 2063 2327 2517 2083 2506 2651 2133 2421 2188 2385 2293 2040 2530 2049 2325 2292 2645 2106 2145 2604 2111 2428 1854 2372 2207 2383 2092 2431 2571 
2710 2793 2244 2939 2922 2595 2538 2733 2718 2523 2841 2715 2476 2750 2543 2758 2416 2387 2632 2126 2812 2572 2204 2958 2456 2887 2574 2826 2865 2539 2562 2751 2697 2608 2636 2485 2424 2810 3119 2589 2348 2737 2553 2795 2559 2557 2157 2826 2408 2599 2373 2690 2407 2357 2669 2626 2380 2698 2484 2450 2656 2575 2471 2466 2530 2586 2682 2257 2650 2958 2452 2343 2684 2656 2532 2598 2897 2256 2613 2686 2510 2528 2472 2602 2149 2553 2666 2615 2435 2583 2871 2367 2595 2168 2561 2682 2481 2515 2444 2723 
2290 2486 2186 2586 2449 2160 2318 2711 2223 2363 2698 2596 2515 2391 2322 2492 2113 2062 2738 1995 2455 2182 2165 2361 2110 2430 2367 2467 2725 2291 2164 2455 2401 2408 2488 2484 2173 2497 2603 2259 2209 2369 2290 2521 2147 2286 1829 2568 2056 2226 2179 2385 2299 2436 2343 2173 2377 2315 2032 2500 2349 2468 2245 2391 2336 2445 2561 2274 2331 2494 2369 2083 2415 2520 2150 2416 2533 2133 2432 2307 2392 2373 2003 2495 2229 2387 2476 2543 2043 2394 2569 2154 2406 1889 2238 2403 2299 2089 2166 2500 
2372 2563 2292 2547 2531 2559 2404 2606 2564 2512 2582 2590 2549 2564 2425 2511 2386 2448 2711 2177 2630 2376 2224 2498 2377 2776 2410 2540 2646 2304 2069 2583 2673 2465 2406 2584 2362 2523 2890 2322 2514 2521 2394 2326 2469 2286 2265 2624 1974 2155 2036 2326 2237 2383 2407 2490 2274 2357 2254 2194 2297 2405 2324 2485 2701 2439 2518 2392 2654 2524 2389 2453 2189 2755 2136 2478 2553 2254 2498 2654 2610 2561 2059 2579 2122 2349 2424 2672 2175 2375 2628 2294 2317 2109 2575 2307 2527 2167 2249 2500 
2590 2812 2360 2559 2504 2247 2629 3063 2641 2609 2923 2833 2759 2807 2472 2617 2586 2556 2730 2401 2907 2556 2205 2750 2589 2730 2387 2772 2842 2567 2183 2800 2781 2728 2867 2565 2337 2750 2892 2707 2428 2508 2732 2708 2402 2727 2052 2796 2210 2344 2559 2599 2374 2416 2410 2629 2613 2670 2191 2678 2734 2513 2525 2651 2389 2659 2635 2442 2939 2668 2572 2465 2721 2699 2469 2510 2757 2299 2743 2466 2600 2518 2346 2762 2101 2491 2546 2600 2373 2651 2938 2298 2733 2215 2287 2735 2391 2266 2361 2863 
2583 2802 2174 2649 2708 2666 2417 2896 2449 2681 2759 2734 2434 2397 2258 2835 2492 2537 2643 2019 2926 2451 2359 2570 2396 2692 2414 2571 2881 2474 2290 2660 2729 2539 2369 2637 2622 2548 2831 2518 2565 2653 2457 2548 2506 2523 2277 2846 2255 2382 2201 2593 2357 2412 2458 2560 2434 2265 2651 2481 2506 2496 2375 2620 2378 2665 2581 2354 2502 2915 2443 2340 2380 2718 2290 2744 2551 2367 2629 2579 2790 2632 2218 2663 2269 2486 2507 2720 2281 2456 2491 2404 2493 2511 2655 2445 2354 2246 2349 2812 
2175 2299 1976 2464 2203 2191 2218 2504 2173 2174 2469 2426 2491 2309 2153 2494 2017 2150 2287 1995 2326 2202 2242 2297 2077 2571 2337 2167 2412 2167 1966 2060 2319 2160 2125 2202 2146 2270 2541 1988 2062 2259 2024 2164 2042 2201 1897 2598 1873 1881 2059 2131 2008 2297 1991 2175 2067 2121 2044 2200 2186 2149 2240 2383 2087 2204 2260 2193 2299 2217 2032 2081 2140 2443 2003 2176 2469 1886 2216 2164 2340 2213 1858 2295 1856 2004 2083 2432 1776 2115 2156 1812 2166 1891 2323 2277 2154 1986 2110 2237 
2522 2535 2239 2742 2758 2541 2549 2684 2678 2406 2730 2764 2567 2474 2339 2660 2379 2326 2678 1969 2578 2168 2333 2566 2377 2726 2397 2547 2522 2399 2300 2338 2567 2436 2438 2499 2339 2636 2826 2610 2500 2236 2431 2578 2329 2489 2207 2569 1989 2218 2148 2747 2241 2223 2354 2363 2279 2355 2424 2442 2476 2419 2339 2428 2465 2505 2505 2365 2488 2631 2033 2297 2517 2710 2326 2329 2630 2080 2563 2429 2548 2409 2353 2448 2031 2329 2470 2624 2387 2570 2495 2397 2549 2178 2485 2687 2191 2010 2296 2522 
2334 2534 2125 2472 2543 2317 2269 2797 2244 2389 2651 2510 2427 2407 2260 2396 2473 2228 2531 1983 2505 2349 2199 2360 2313 2408 2263 2519 2519 2319 2141 2428 2581 2476 2510 2429 2199 2510 2777 2370 2514 2454 2240 2627 2287 2430 2039 2655 2047 2228 2197 2407 2286 2319 2255 2412 2267 2375 2360 2241 2476 2403 2334 2410 2290 2403 2697 2238 2454 2765 2365 2157 2412 2664 2177 2243 2397 2060 2523 2247 2614 2137 2148 2452 2017 2267 2406 2639 2150 2290 2661 2229 2420 1995 2520 2510 2036 2158 1928 2433 
2715 3088 2577 3050 2714 2537 2748 3179 2523 2623 2995 3027 2695 2647 2615 2873 2614 2716 3100 2396 3155 2639 2613 2881 2750 3020 2591 2756 3003 2578 2489 2694 2745 2814 2770 2830 2573 3027 3141 2623 2614 2943 2682 2981 2544 2794 2353 2958 2412 2469 2625 2828 2578 2673 2654 2719 2524 2661 2539 2902 2861 2787 2519 2768 2835 2765 2798 2617 2731 3124 2630 2526 2910 3114 2465 2845 2715 2449 3020 2550 2610 2571 2417 2922 2230 2894 2953 2969 2545 2893 3008 2513 2714 2456 2760 2970 2656 2525 2421 2857 
2714 2923 2459 2966 2875 2688 2731 3328 2849 2877 3063 2888 2850 2659 2631 2908 2629 2820 3106 2522 3079 2596 2573 2923 2713 3038 2900 2776 3147 2548 2611 2634 2834 2866 2736 2921 2690 2907 3272 2746 2532 2885 2598 3089 2505 2706 2334 3361 2180 2449 2614 2911 2578 2641 2605 2466 2648 2598 2516 2756 2791 2771 2611 2710 2675 2909 2869 2686 2948 2949 2482 2763 2831 3040 2393 2821 3009 2623 2963 2756 2736 2849 2435 2871 2465 2734 2722 3060 2495 2996 3157 2413 2695 2224 2784 2872 2588 2401 2670 3034 
2455 2668 2166 2595 2512 2300 2427 2768 2418 2582 2761 2869 2538 2687 2310 2742 2412 2193 2761 2133 2738 2444 2256 2807 2404 2743 2409 2544 2673 2467 2324 2460 2494 2529 2367 2531 2490 2687 2815 2336 2301 2736 2232 2677 2288 2408 2084 2845 2362 2439 2334 2515 2224 2554 2448 2333 2327 2343 2405 2239 2483 2531 2617 2325 2290 2341 2426 2340 2509 2615 2432 2347 2436 2571 2364 2484 2588 2263 2465 2591 2529 2573 2140 2528 2170 2433 2534 2754 2313 2562 2630 2237 2412 2200 2512 2504 2420 2400 2279 2687 
2226 2551 2209 2409 2440 2453 2193 2569 2337 2411 2554 2546 2318 2487 2186 2499 2241 2151 2454 2150 2639 2223 2037 2458 2173 2393 2238 2410 2603 2301 2073 2387 2504 2318 2174 2238 2153 2524 2658 2274 2415 2459 2209 2446 2396 2232 2060 2543 2174 2247 2110 2452 2278 2165 2339 2235 2235 2299 2326 2205 2279 2336 2270 2391 2299 2446 2484 2324 2341 2625 2440 2138 2333 2446 2239 2512 2451 2280 2363 2503 2565 2407 1930 2535 1961 2324 2241 2722 2268 2346 2547 2207 2206 2154 2416 2186 2440 2065 2143 2692 
2683 2723 2384 2591 2922 2581 2591 2922 2689 2522 2854 2775 2633 2504 2589 2634 2334 2471 2780 2329 2982 2556 2353 2622 2476 2906 2541 2772 2610 2468 2491 2798 2693 2694 2471 2658 2482 2810 3104 2811 2558 2804 2563 2855 2369 2645 2299 2991 2354 2432 2329 2610 2606 2351 2675 2499 2584 2418 2552 2331 2600 2589 2469 2514 2573 2567 2692 2426 2580 2815 2582 2576 2476 2811 2370 2579 2764 2480 2973 2719 2595 2711 2399 2619 2176 2607 2662 2824 2228 2769 3049 2573 2581 2391 2573 2705 2371 2545 2278 2883 
2333 2747 2239 2519 2428 2420 2348 2726 2531 2574 2839 2677 2533 2650 2275 2597 2500 2456 2698 2272 2809 2475 2230 2569 2314 2555 2250 2655 2660 2367 2199 2756 2633 2413 2517 2342 2261 2608 2731 2503 2296 2592 2637 2449 2277 2548 1970 2959 2072 2308 2142 2449 2371 2390 2305 2460 2609 2405 2335 2431 2502 2470 2474 2458 2428 2288 2503 2459 2633 2761 2570 2526 2303 2533 2226 2524 2464 2168 2635 2559 2594 2448 2064 2530 2025 2364 2363 2709 2166 2404 2695 2234 2528 2132 2342 2562 2279 2237 2192 2773 
2581 2768 2540 2646 2934 2622 2701 2865 2689 2747 2809 2935 2682 2609 2695 2546 2599 2329 2797 2334 2855 2581 2280 2717 2542 3014 2617 2654 2871 2730 2396 2641 2599 2581 2825 2490 2625 2843 3109 2555 2543 2662 2636 2658 2638 2597 2249 2720 2459 2464 2482 2686 2496 2357 2529 2683 2509 2518 2537 2337 2706 2500 2626 2475 2626 2676 2761 2579 2547 2827 2469 2476 2505 2879 2384 2399 2738 2242 2732 2610 2594 2621 2253 2667 2282 2546 2634 2766 2366 2584 2783 2608 2758 2274 2538 2643 2435 2480 2294 2866 
2574 2627 2574 2828 2678 2688 2716 2880 2692 2818 2759 2905 2954 2789 2598 2685 2604 2538 2711 2361 2873 2701 2545 2811 2695 2913 2680 2670 2842 2711 2645 2866 2749 2598 2750 2682 2620 2863 3178 2907 2610 2743 2713 2845 2497 2847 2220 2987 2320 2377 2545 2605 2626 2398 2835 2684 2580 2709 2486 2621 2835 2696 2456 2603 2539 2694 2892 2470 2719 2691 2628 2705 2515 2827 2481 2463 2893 2356 2734 2626 2795 2952 2363 2714 2108 2539 2545 2849 2442 2735 3101 2544 2808 2358 2800 2743 2365 2528 2322 2887 
2381 2612 2259 2592 2487 2491 2392 2816 2400 2407 2555 2504 2458 2382 2358 2603 2327 2223 2376 2366 2512 2234 2281 2465 2319 2599 2409 2523 2653 2093 2245 2393 2508 2321 2569 2294 2071 2660 2858 2363 2104 2376 2393 2417 2435 2342 2102 2536 2137 2252 2378 2502 2365 2280 2266 2110 2300 2357 2232 2287 2397 2239 2320 2150 2273 2516 2295 2281 2557 2554 2276 2166 2344 2700 2197 2379 2536 2156 2455 2212 2381 2424 2062 2658 1993 2284 2203 2586 2030 2302 2554 2131 2167 2142 2192 2255 2261 2223 2280 2483 
2769 3007 2662 2946 2898 2705 2841 3202 2841 2748 2900 2871 2697 2627 2637 2911 2844 2785 2939 2343 2993 2580 2443 2972 2545 3022 2595 2964 2897 2544 2523 2954 2796 2794 2813 2845 2645 2810 3252 2777 2774 2737 2805 2875 2837 2638 2165 3051 2502 2608 2602 2761 2438 2593 2546 2751 2696 2707 2657 2735 2839 2635 2532 2705 2642 2664 2727 2552 2977 3095 2751 2533 2787 2881 2492 2643 2799 2521 2723 2664 2831 2869 2425 2850 2250 2693 2772 2963 2515 2779 3055 2621 2791 2541 2794 2876 2568 2410 2469 3131 
2675 2882 2607 2895 2979 2657 2708 3053 2799 2736 2883 2796 2630 2725 2732 2650 2695 2375 2736 2169 2771 2495 2379 2861 2671 2944 2649 2543 2959 2649 2561 2709 2844 2582 2786 2604 2449 2772 3041 2808 2529 2656 2728 2838 2484 2513 2369 3045 2412 2511 2331 2843 2429 2243 2657 2429 2467 2524 2374 2421 2465 2741 2421 2422 2740 2687 2846 2558 2413 2660 2368 2472 2575 2830 2405 2511 2773 2215 2628 2553 2661 2490 2385 2559 2244 2310 2681 2828 2283 2658 2920 2270 2657 2054 2847 2697 2424 2468 2386 2836 
2387 2829 2409 2844 2770 2446 2678 3053 2472 2729 2799 2825 2764 2651 2613 2719 2729 2430 2750 2197 2749 2502 2334 2784 2555 2711 2518 2807 2775 2518 2488 2722 2734 2472 2808 2665 2435 2778 3013 2455 2687 2616 2466 2728 2562 2611 2141 2776 2327 2447 2424 2726 2421 2534 2588 2441 2620 2562 2559 2366 2536 2547 2504 2556 2518 2668 2856 2529 2667 2773 2600 2345 2476 2676 2465 2350 2767 2200 2595 2638 2734 2469 2325 2691 2079 2628 2622 2824 2310 2437 2767 2457 2611 2172 2563 2707 2336 2422 2270 2766 
2293 2500 2017 2241 2441 2045 2301 2733 2138 2364 2497 2482 2424 2214 1967 2379 2164 2200 2556 1847 2437 2267 2077 2410 2093 2337 2236 2418 2410 2297 2140 2423 2493 2173 2417 2240 2151 2445 2638 2226 2143 2444 2138 2616 2183 2168 1673 2537 2079 2169 2022 2368 2108 2322 2367 2067 2178 2227 1920 2287 2244 2310 2303 2111 2150 2253 2502 2253 2478 2388 2279 2020 2355 2487 2139 2307 2240 2108 2453 2209 2189 2254 1999 2323 1902 2304 2374 2447 1972 2308 2709 2010 2388 1859 2179 2267 2231 2227 2075 2430 
2451 2688 2409 2545 2776 2291 2615 2923 2472 2400 2753 2741 2421 2478 2499 2760 2477 2215 2519 2054 2919 2262 2354 2564 2437 2688 2293 2561 2720 2691 2228 2358 2563 2514 2644 2569 2424 2747 2828 2603 2495 2253 2272 2795 2374 2575 2256 2782 2211 2155 2474 2786 2344 2245 2432 2593 2374 2409 2488 2465 2686 2257 2255 2409 2423 2486 2605 2419 2573 2644 2347 2289 2438 2714 2335 2503 2733 2354 2569 2476 2455 2596 2297 2521 1975 2241 2526 2743 2150 2439 2636 2406 2602 2272 2450 2579 2320 2184 2251 2474 
2579 2733 2345 2871 2608 2417 2677 2972 2658 2519 3021 2866 2692 2713 2379 2889 2390 2461 2901 2246 2828 2416 2436 2776 2397 2862 2320 2693 2848 2467 2347 2667 2730 2624 2587 2542 2282 2841 2901 2684 2544 2724 2604 2664 2232 2544 2026 2957 2277 2654 2554 2680 2487 2599 2456 2264 2597 2589 2382 2644 2559 2540 2641 2309 2464 2685 2574 2484 2553 2640 2536 2386 2516 2676 2379 2671 2832 2298 2519 2441 2472 2461 2346 2727 2314 2486 2439 2665 2402 2872 2872 2250 2772 2116 2393 2680 2619 2552 2251 2859 
2445 2602 2168 2623 2568 2376 2449 2865 2572 2482 2848 2706 2495 2431 2428 2536 2267 2498 2630 2175 2550 2473 2199 2555 2371 2667 2365 2459 2649 2414 2345 2469 2507 2579 2631 2417 2397 2605 2915 2570 2277 2390 2384 2619 2442 2487 2192 2708 2094 2171 2106 2529 2369 2300 2378 2358 2242 2429 2182 2417 2393 2348 2353 2429 2363 2599 2444 2353 2361 2597 2459 2244 2274 2723 2481 2351 2754 2190 2518 2485 2484 2492 2251 2509 1949 2474 2467 2541 2198 2601 2684 2390 2392 2209 2340 2444 2351 2197 2135 2722 
2451 2637 2326 2704 2834 2378 2702 2869 2533 2624 2851 2946 2723 2645 2381 2809 2403 2438 2640 2074 2626 2432 2315 2465 2478 2816 2429 2497 2745 2399 2381 2451 2637 2623 2658 2442 2295 2744 2803 2526 2366 2458 2542 2641 2364 2503 2078 2717 2310 2360 2361 2547 2323 2547 2129 2524 2555 2435 2285 2629 2492 2337 2439 2424 2586 2737 2540 2654 2631 2720 2390 2332 2488 2729 2324 2506 2692 2042 2532 2275 2517 2323 2095 2580 2143 2325 2399 2576 2152 2532 2707 2363 2652 2112 2470 2612 2399 2302 2285 2867 
2426 2747 2172 2762 2622 2395 2403 2763 2498 2350 2887 2634 2633 2457 2400 2728 2420 2441 2675 2137 2811 2392 2366 2544 2452 2676 2367 2484 2816 2440 2392 2752 2739 2566 2606 2554 2221 2748 2829 2386 2331 2509 2640 2703 2377 2418 2014 2660 2253 2412 2251 2403 2352 2504 2467 2512 2492 2354 2280 2477 2531 2580 2392 2454 2543 2505 2501 2456 2493 2761 2339 2352 2266 2663 2275 2682 2569 2104 2618 2581 2497 2300 2299 2524 2239 2365 2520 2615 2224 2458 2672 2199 2388 2195 2421 2524 2571 2160 2093 2786 
2473 2432 2000 2558 2364 2303 2270 2549 2289 2383 2467 2534 2373 2400 2265 2489 2144 2293 2487 1977 2629 2169 2224 2338 2185 2433 2156 2389 2621 2223 2117 2234 2339 2395 2264 2368 2235 2532 2530 2268 2342 2384 2337 2445 2146 2392 2059 2496 1991 2285 2137 2363 2256 2136 2339 2245 2198 2391 2268 2261 2285 2210 2182 2250 2271 2425 2262 2116 2392 2423 2338 2116 2376 2420 2307 2330 2450 2121 2311 2241 2438 2236 2074 2434 1974 2237 2279 2505 2352 2577 2480 2042 2409 2070 2212 2466 2281 2113 2064 2559 
2782 2831 2572 2686 2844 2697 2554 2987 2672 2434 2942 2899 2569 2611 2536 2633 2449 2489 2644 2312 2876 2392 2396 2839 2671 2813 2545 2798 2734 2548 2402 2739 2674 2635 2514 2728 2408 2674 3087 2574 2595 2550 2550 2674 2495 2626 2250 2826 2259 2499 2642 2502 2508 2264 2522 2699 2343 2426 2546 2482 2674 2454 2623 2501 2736 2720 2723 2408 2723 2735 2660 2392 2625 2753 2468 2581 2702 2510 2558 2356 2489 2572 2255 2812 2251 2437 2518 2774 2278 2829 2902 2466 2548 2336 2597 2556 2371 2517 2289 2806 
2404 2578 2342 2583 2588 2421 2462 2751 2408 2515 2665 2549 2402 2493 2459 2422 2403 2463 2818 2244 2804 2464 2292 2620 2255 2824 2341 2549 2910 2410 2195 2486 2538 2532 2664 2500 2309 2628 2859 2333 2380 2584 2467 2659 2283 2393 2001 2852 2072 2348 2408 2530 2396 2497 2338 2500 2573 2369 2346 2385 2468 2324 2540 2451 2319 2534 2610 2370 2535 2664 2374 2369 2522 2838 2273 2595 2637 2204 2749 2402 2518 2609 2012 2607 2160 2385 2620 2746 2189 2536 2827 2368 2596 2046 2477 2573 2460 2317 2207 2637 
2561 2849 2280 2741 2638 2385 2501 3128 2524 2633 2836 2931 2662 2698 2388 2617 2464 2462 2831 2168 3004 2471 2356 2823 2429 2697 2380 2767 2829 2538 2398 2663 2488 2630 2710 2653 2412 2811 2864 2714 2567 2574 2567 2730 2416 2549 2128 2813 2324 2587 2455 2635 2557 2368 2599 2359 2506 2445 2350 2534 2573 2463 2691 2501 2471 2684 2677 2503 2835 2698 2489 2220 2534 2731 2553 2578 2766 2454 2772 2590 2533 2449 2148 2812 2286 2705 2719 2592 2387 2627 2900 2289 2662 2149 2512 2592 2307 2494 2347 2785 
2454 2608 2439 2625 2600 2488 2551 2822 2783 2456 2629 2616 2550 2437 2361 2641 2479 2251 2624 2089 2567 2251 2278 2571 2618 2656 2451 2681 2507 2314 2192 2497 2527 2375 2592 2659 2221 2692 2853 2736 2348 2288 2692 2517 2416 2493 2301 2656 2105 2238 2185 2695 2275 2428 2478 2346 2324 2444 2373 2402 2461 2453 2457 2491 2237 2348 2461 2362 2473 2538 2275 2304 2447 2653 2207 2370 2656 2247 2595 2332 2741 2578 2186 2546 1952 2298 2516 2746 2250 2408 2734 2171 2365 2202 2490 2552 2316 2261 2309 2723 
2375 2534 2190 2556 2546 2134 2305 2721 2321 2401 2637 2458 2535 2349 2381 2361 2283 2224 2376 1945 2460 2393 2293 2469 2267 2515 2301 2513 2398 2209 2398 2382 2381 2169 2385 2344 2285 2535 2921 2336 2318 2552 2225 2687 2295 2609 1827 2583 2292 2320 2186 2584 2503 2320 2437 2040 2221 2454 2252 2170 2411 2391 2272 2104 2161 2462 2520 2298 2563 2577 2355 2127 2179 2461 2218 2375 2488 2141 2451 2385 2324 2327 2097 2478 1904 2253 2243 2438 2140 2391 2691 2124 2423 1940 2402 2481 2170 2395 2036 2503 
2267 2620 2248 2665 2474 2181 2342 2614 2270 2121 2525 2314 2314 2232 2302 2287 2430 2094 2424 2140 2391 2214 2140 2374 2382 2502 2265 2272 2443 2124 2097 2473 2526 2208 2370 2238 2030 2456 2492 2263 2153 2167 2377 2433 2215 2308 1807 2508 1793 2172 2321 2212 2136 2148 2084 2152 2300 2183 2127 2142 2307 2299 2220 2140 2204 2356 2295 2198 2304 2503 2079 2058 2254 2429 2249 2255 2316 2021 2403 2158 2290 2138 2130 2416 1799 2454 2441 2461 2075 2380 2555 2045 2317 1916 2136 2355 2392 2199 1980 2597 
2374 2718 2101 2779 2648 2372 2716 2854 2475 2415 2781 2756 2643 2459 2291 2809 2316 2383 2776 2174 2700 2519 2436 2616 2285 2911 2357 2676 2785 2428 2392 2554 2728 2498 2670 2414 2374 2642 2846 2622 2475 2538 2479 2735 2291 2503 2163 2621 2277 2327 2283 2635 2438 2448 2427 2279 2392 2524 2363 2398 2405 2481 2461 2577 2487 2628 2785 2357 2527 2857 2639 2476 2510 2764 2272 2619 2685 2070 2488 2377 2540 2473 2290 2456 2121 2431 2351 2663 2225 2507 2930 2302 2639 2166 2439 2681 2310 2112 2417 2533 
2194 2531 2058 2478 2496 2411 2390 2805 2415 2345 2509 2603 2375 2301 2351 2481 2062 2263 2363 2114 2672 2328 2239 2504 2321 2425 2456 2670 2419 2194 2283 2474 2474 2492 2451 2488 2448 2703 2986 2506 2319 2550 2314 2642 2463 2396 2055 2569 2266 2061 2244 2465 2199 2201 2483 2353 2244 2318 2291 2486 2489 2391 2192 2265 2315 2430 2384 2306 2651 2583 2353 2011 2296 2538 2114 2615 2463 2285 2396 2450 2375 2429 2237 2506 1881 2280 2451 2658 2169 2382 2649 2040 2367 2263 2299 2343 2223 2305 2172 2536 
2663 2809 2446 2945 2839 2665 2513 3064 2912 2665 3020 2818 2903 2759 2650 2751 2621 2552 2746 2511 2838 2628 2510 2806 2561 2693 2633 2818 2638 2594 2615 2705 2731 2524 2679 2672 2437 3064 2932 2986 2631 2389 2633 2816 2447 2792 2335 2868 2445 2600 2340 2729 2545 2410 2629 2613 2618 2625 2587 2536 2709 2552 2633 2678 2746 2852 2486 2569 2743 2940 2582 2451 2673 2793 2431 2608 2813 2533 2853 2686 2708 2666 2542 2795 2184 2683 2642 2847 2570 2680 2853 2542 2666 2375 2769 2602 2523 2369 2296 2905 
2238 2489 2114 2347 2450 2146 2231 2834 2431 2384 2379 2416 2526 2372 2217 2429 2188 2129 2474 2128 2651 2263 2453 2374 2283 2517 2204 2477 2477 2238 1979 2329 2344 2390 2538 2367 2334 2673 2719 2454 2383 2322 2446 2329 2378 2201 1821 2552 1982 2303 2246 2410 2199 2291 2238 2391 2177 2289 2113 2295 2247 2157 2195 2101 2257 2218 2180 2188 2433 2573 2053 2157 2201 2699 2102 2422 2416 2166 2580 2275 2293 2387 2001 2397 2087 2270 2550 2491 2119 2204 2539 2076 2309 2171 2283 2374 2248 2249 1988 2503 
2373 2537 2243 2602 2551 2279 2408 2698 2288 2399 2728 2553 2411 2390 2370 2697 2344 2421 2524 2199 2485 2269 2174 2443 2296 2512 2397 2498 2436 2251 2297 2483 2223 2506 2372 2332 2261 2493 2763 2504 2240 2320 2350 2521 2268 2550 1870 2718 2048 2174 2216 2389 2409 2232 2307 2185 2345 2294 2432 2214 2562 2326 2312 2383 2257 2525 2445 2430 2457 2566 2402 2286 2186 2339 2398 2136 2480 2034 2340 2243 2308 2484 2073 2386 1860 2427 2209 2429 2252 2611 2566 2131 2524 2173 2251 2539 2136 2308 2156 2761 
2414 2476 2141 2446 2428 2085 2338 2584 2497 2346 2642 2452 2566 2360 2144 2505 2384 2265 2443 2022 2575 2046 2211 2397 2083 2550 2191 2462 2291 2007 2006 2429 2406 2482 2386 2135 2180 2540 2684 2365 2149 2242 2501 2331 2353 2232 1706 2472 2103 2353 2269 2404 2053 2056 1868 2107 2404 2344 1945 2096 2308 2338 2306 2229 2210 2372 2268 2170 2380 2552 2286 2130 2223 2421 2217 2457 2370 1961 2365 2245 2305 2196 1888 2371 2001 2100 2247 2327 2074 2391 2639 2038 2363 2221 2142 2221 2255 2146 2128 2729 
2819 2937 2601 2897 2902 2841 2672 3047 2831 2656 2941 2999 2731 2808 2662 2908 2764 2539 3003 2337 3031 2768 2633 2964 2820 2946 2733 2725 3009 2802 2596 2759 2931 2817 2669 2436 2423 2895 2989 2596 2759 2851 2645 2815 2491 2715 2515 3212 2433 2423 2472 2759 2507 2513 2748 2652 2803 2612 2583 2620 2724 2816 2662 2672 2804 2812 2879 2648 2559 3010 2466 2549 2767 2758 2562 2620 2868 2595 2894 2907 2745 2683 2353 3080 2267 2431 2899 2880 2527 3011 2946 2550 2786 2254 2894 2760 2630 2514 2527 3256 
2734 2913 2499 2938 2788 2521 2582 3195 2691 2613 2923 2906 2724 2849 2670 2963 2674 2462 2675 2420 3011 2541 2646 2908 2522 2808 2710 2873 2859 2496 2563 2860 2795 2589 2761 2811 2550 2879 3122 2671 2568 2809 2813 2869 2612 2893 2166 3029 2503 2825 2595 2665 2480 2552 2687 2542 2621 2562 2638 2752 2875 2752 2532 2484 2566 2641 2543 2598 2817 2858 2773 2380 2608 2745 2500 2658 2825 2529 2576 2714 2721 2649 2449 2835 2204 2712 2768 3055 2374 2776 3010 2318 2836 2338 2623 2714 2792 2636 2208 3069 
2843 2829 2367 2847 2867 2624 2625 2887 2754 2743 3136 2883 2766 2762 2502 2875 2427 2656 2914 2104 2884 2526 2523 2860 2559 2759 2576 2802 2766 2495 2454 2527 2768 2809 2583 2664 2507 2916 3076 2723 2668 2656 2636 2754 2499 2617 2353 2974 2285 2210 2212 2715 2504 2549 2426 2721 2341 2827 2492 2430 2569 2599 2645 2599 2512 2870 2682 2483 2819 3015 2378 2486 2744 2873 2383 2809 2825 2505 2965 2841 2621 2789 2299 2937 2078 2614 2727 2692 2411 2768 3123 2630 2771 2465 2571 2641 2492 2294 2437 2883 
2433 2872 2327 2781 2746 2425 2589 2794 2610 2556 2763 2643 2654 2600 2438 2601 2746 2483 2771 2070 2913 2400 2376 2554 2368 2798 2332 2616 2750 2509 2308 2471 2583 2587 2673 2524 2579 2680 2880 2645 2692 2714 2508 2673 2466 2584 2157 2870 2311 2314 2352 2666 2344 2556 2450 2375 2376 2519 2374 2370 2470 2299 2473 2400 2610 2611 2573 2414 2572 2836 2377 2222 2561 2753 2401 2652 2785 2432 2812 2508 2521 2434 2409 2682 2191 2448 2773 2709 2389 2587 2818 2567 2675 2128 2604 2641 2368 2246 2192 2560 
2421 2760 2409 2719 2806 2473 2778 2971 2529 2598 2861 2806 2707 2668 2480 2789 2454 2322 2708 2291 2833 2314 2325 2686 2208 2780 2355 2666 2865 2488 2180 2731 2916 2283 2698 2458 2257 2654 2847 2531 2518 2639 2602 2570 2329 2576 2063 2764 2342 2522 2405 2627 2334 2445 2486 2397 2585 2444 2466 2439 2490 2519 2518 2345 2418 2434 2580 2486 2570 2914 2609 2218 2496 2742 2437 2532 2475 2209 2488 2379 2667 2493 2255 2446 2028 2610 2486 2868 2172 2529 2772 2458 2732 2226 2434 2606 2495 2161 2305 2658 
2475 2750 2161 2766 2560 2446 2420 2865 2488 2661 2672 2640 2732 2430 2486 2720 2365 2427 2737 2141 2793 2305 2391 2602 2331 2707 2313 2576 2791 2336 2149 2551 2745 2474 2462 2540 2484 2651 2827 2468 2586 2685 2475 2657 2397 2400 1963 2806 2052 2314 2424 2486 2419 2419 2458 2516 2387 2429 2375 2428 2459 2604 2256 2231 2519 2548 2545 2268 2446 2775 2316 2298 2518 2492 2202 2579 2692 2387 2633 2415 2520 2380 2333 2738 2337 2444 2425 2722 2387 2407 2554 2393 2480 2086 2480 2681 2484 2280 2188 2352 
2873 2702 2619 2751 3041 2756 2669 3146 2732 2887 2935 2912 2883 2812 2479 2817 2664 2629 2791 2437 2798 2635 2625 2790 2519 2928 2818 2883 2726 2320 2217 2664 2659 2606 2611 2674 2625 2711 3126 2575 2727 2751 2885 2710 2556 2788 2272 3110 2366 2463 2443 2790 2490 2615 2262 2576 2620 2724 2568 2457 2725 2816 2751 2652 2510 2798 2782 2666 2834 2881 2559 2274 2799 2838 2457 2729 2972 2515 2870 2739 2808 2613 2162 2739 2287 2502 2581 2860 2179 2680 3015 2276 2720 2419 2596 2705 2532 2441 2524 3049 
2890 2757 2432 2856 2932 2518 2686 3195 2743 2883 3083 2937 2759 2807 2575 2790 2751 2559 2866 2379 2789 2650 2551 2852 2590 2907 2676 3022 3002 2584 2842 2758 2778 2797 2719 2669 2377 2885 3153 3148 2595 2807 2678 2910 2690 2603 2318 2902 2592 2584 2444 2794 2641 2477 2714 2646 2484 2737 2384 2680 2784 2688 2560 2612 2750 2965 2758 2542 2875 2998 2544 2594 2777 2762 2508 2747 2819 2690 2826 2678 2745 2659 2535 2869 2226 2553 2621 2903 2591 2674 3079 2616 2809 2323 2900 2517 2568 2491 2539 2896 
2746 2832 2397 2859 2768 2599 2716 2812 2651 2757 3012 3052 2683 2828 2538 2950 2615 2550 2777 2093 2661 2611 2358 2817 2645 2918 2456 2745 2900 2383 2651 2738 2547 2820 2670 2558 2452 2831 2905 2683 2522 2815 2762 2613 2483 2568 2369 2837 2350 2478 2289 2797 2437 2466 2611 2451 2644 2731 2599 2489 2524 2475 2619 2456 2446 2844 2795 2488 2666 2728 2677 2644 2766 2610 2460 2609 2922 2411 2547 2425 2993 2666 2231 2842 2172 2585 2276 2935 2450 2810 2909 2588 2871 2281 2579 2514 2596 2424 2532 2969 
2310 2509 2144 2554 2283 2210 2273 2405 2209 2237 2615 2614 2163 2263 2322 2400 2354 2028 2466 1963 2409 2379 2001 2216 2191 2629 2076 2375 2355 2340 2172 2308 2436 2270 2286 2269 2115 2492 2510 2255 2297 2379 2128 2427 2050 2218 1983 2421 2129 2119 2096 2191 2138 2264 2257 2093 2108 2224 2178 2244 2310 2299 2410 2333 2261 2432 2483 2240 2535 2508 2257 2192 2263 2465 2156 2324 2360 2081 2390 2395 2238 2237 1979 2478 1988 2260 2369 2362 2002 2432 2446 2195 2357 1982 2244 2128 2087 2115 2126 2506 
2635 2987 2366 2873 2642 2310 2400 3049 2726 2550 2919 2983 2803 2753 2440 2724 2484 2474 2774 2127 2762 2564 2419 2739 2576 2665 2496 2564 2776 2419 2425 2708 2605 2608 2491 2687 2565 2838 2805 2537 2417 2624 2448 2716 2477 2741 2148 2743 2291 2598 2448 2520 2377 2545 2282 2522 2514 2305 2583 2682 2666 2564 2671 2507 2545 2718 2530 2487 2707 2732 2592 2381 2536 2662 2372 2732 2873 2277 2498 2498 2738 2392 2295 2712 2294 2643 2475 2836 2442 2710 2696 2504 2567 2344 2581 2640 2628 2393 2307 2968 
2437 2596 2187 2629 2672 2209 2647 2595 2346 2308 2689 2625 2292 2457 2279 2576 2401 2225 2516 2107 2631 2351 2225 2296 2170 2539 2255 2379 2809 2277 2053 2391 2530 2511 2553 2335 2236 2513 2661 2495 2207 2418 2405 2425 2164 2521 2018 2625 2050 2211 2220 2314 2304 2339 2174 2242 2253 2313 2439 2241 2297 2374 2302 2399 2436 2442 2461 2385 2386 2683 2323 2008 2359 2662 2201 2535 2571 2033 2370 2286 2322 2243 2285 2314 2042 2412 2415 2471 2182 2434 2741 2299 2505 2035 2350 2640 2299 1978 2072 2528 
2502 2708 2220 2908 2733 2554 2720 2909 2593 2756 2810 2969 2913 2979 2508 2848 2430 2593 2850 2428 2872 2572 2583 2704 2388 2911 2343 2785 2832 2281 2423 2635 2790 2410 2884 2735 2600 2880 2984 2775 2699 2756 2574 2739 2304 2634 2255 2991 2435 2288 2505 2649 2338 2575 2712 2609 2441 2564 2348 2491 2636 2512 2429 2323 2680 2880 2536 2540 2966 2755 2451 2442 2580 2768 2366 2520 2791 2438 2656 2561 2516 2532 2575 2832 2149 2729 2431 2762 2298 2556 2904 2365 2925 2189 2382 2505 2558 2443 2218 2668 
2365 2733 2270 2804 2745 2490 2568 3071 2671 2418 2837 2727 2668 2592 2495 2604 2397 2273 2607 2427 2648 2564 2321 2637 2402 2714 2766 2552 2835 2478 2320 2546 2692 2574 2634 2664 2320 2605 2910 2646 2373 2516 2500 2664 2411 2442 2129 2729 1992 2266 2349 2582 2365 2348 2307 2483 2278 2473 2482 2574 2560 2393 2363 2600 2455 2563 2645 2274 2370 2946 2532 2213 2564 2859 2260 2551 2759 2480 2680 2382 2576 2647 2460 2573 2125 2446 2608 2683 2213 2521 2908 2285 2510 2114 2682 2582 2360 2157 2101 2570 
